29616
4860
54578
22074
98832
74266
98722
5486
49044
65373
25590
23
47994
64407
68765
74311
98340
76552
58282
64945
51643
72454
84034
32948
95437
98436
32417
78385
15654
9453
27813
78463
52405
84699
52839
4393
60949
89797
91656
15366
61678
56606
39199
24156
13033
61952
45834
78232
69477
99973
21738
2636
93017
59245
8212
6519
71230
35520
34151
63858
57357
33629
15096
40735
88721
38009
19535
56485
58616
60296
22550
34081
13757
4563
90456
16326
24478
26042
91702
98731
28112
97541
9129
57409
77303
39264
36560
30866
34505
12386
78745
48274
41481
24486
37849
83626
58392
45804
61943
55108
10847
89309
51381
82099
5327
64695
67465
58382
73430
76658
64486
99504
83661
1205
70984
74611
15795
40240
79003
38701
27347
24301
61142
39897
54252
6084
24361
88169
78612
63256
26800
36881
65183
8071
29257
46592
15266
83437
26526
71748
11770
10322
5451
35200
32408
39778
6325
32938
89378
54359
22193
41998
13305
58344
56638
88178
36864
93917
74794
67026
49194
21361
24617
1504
86071
5292
75858
62792
92791
56116
22699
76892
46786
86133
22701
89016
55256
53101
99484
60153
49407
80551
19452
25832
81388
63816
63950
55722
92607
93447
57369
14581
62818
53595
79000
39986
68247
81940
81882
20333
73959
9860
65371
77801
60805
36802
99872
35296
40480
31201
81917
73814
43589
91771
5709
67234
75077
47654
73280
15263
18999
23641
29559
82038
40294
47574
962
87863
75109
31028
36480
94602
23172
11512
98826
71450
55818
4687
29824
27132
31485
78453
19025
46992
66860
27285
37450
79034
46323
94833
59381
71638
64914
65507
84282
77522
90808
21721
88242
3423
2100
42399
79703
3085
99683
538
7807
82279
23113
2828
73328
8953
99554
2735
21964
98995
37265
9959
57651
78709
34553
13785
99628
8759
12708
35627
21089
91172
97181
26915
49619
70927
65086
32510
79939
86714
49094
46937
48083
21665
37898
982
42764
54135
41607
29597
84466
11094
96836
88538
85724
82235
70675
6804
17078
61582
85353
84691
42359
45243
26121
73160
54234
28832
13734
99219
36358
16218
19868
34150
2018
72391
78937
36658
10808
27585
2953
41412
44657
67240
37470
4937
32455
22929
6080
65458
48541
13088
78560
21037
74487
69200
63476
81243
5898
23016
69891
1568
6351
23466
4826
66972
59135
98122
73175
51154
44122
73351
25045
41543
71866
19791
51811
86523
39950
95300
66646
90997
37646
16245
17914
59182
14079
99819
74489
59391
42416
84997
90967
64569
57972
57819
7655
4464
21683
77877
65366
50590
62052
27211
18230
43500
78449
80233
9123
63401
46574
23896
31744
39767
52905
40989
40997
93356
99140
6282
89053
4936
59898
35160
58305
8991
47380
67473
34411
17858
35205
65501
12705
91944
20312
54275
59508
85099
56603
34903
56179
10698
76890
57152
38240
93616
30781
46194
4522
96044
5267
40275
11963
30971
62080
10975
90570
6143
21281
5812
10019
73471
44101
74139
4453
94087
19680
11581
15284
67626
40180
85711
43127
15850
56605
86235
9498
55307
43754
76643
16459
41513
66842
11089
58170
18012
34636
20222
82120
57657
44367
62751
19785
40615
72198
85707
6572
73818
39688
35694
89119
19993
91505
15863
74382
70886
52507
88897
9388
68927
93390
85004
93164
54353
23220
85711
13037
90660
44497
19214
66390
281
51760
21088
75893
24505
28314
85366
31345
6900
97313
55302
94489
87902
13195
80584
84493
89714
37412
98316
21286
65299
28400
78798
41510
83008
89922
13929
17590
19256
64168
16020
4268
35654
26450
37848
8911
24171
36826
20993
32015
14095
30669
28815
52535
48002
84971
22842
39030
50404
80097
96950
52077
32387
87718
92377
66012
98315
54828
78425
78774
46546
21042
98686
97475
85100
1741
50630
84295
15368
93235
87656
22406
72196
7699
6961
14820
47051
25479
14067
60462
62477
60252
35381
61165
10713
68555
83892
962
17036
99367
69874
4707
39341
71718
88456
26944
69406
88690
8959
43894
58484
44734
37084
21554
50069
59864
20386
11080
66074
79100
19876
79031
59186
8411
76162
14469
13762
19474
57269
67550
50396
44707
87040
64932
65173
1318
18003
16198
13612
28548
30631
72453
31456
95771
12141
23339
69681
40837
92250
21978
9527
27773
90797
8636
14804
70900
62667
63434
73395
58454
9181
56000
77614
22947
61879
75672
93958
47802
34639
19732
76797
70200
83061
89114
87671
38621
6302
91111
92138
10195
75825
76861
19454
27809
77988
47709
86907
99778
12939
49030
10257
15956
1017
32696
44443
73313
9630
10085
24659
51283
28550
36387
6857
72612
89629
63926
38885
8947
48117
77318
28723
42106
17093
76511
14647
71706
73964
5097
83663
67774
38535
30759
29191
2987
55861
72309
86703
63341
3915
33516
36940
28349
86009
47732
20299
32265
61031
59345
63128
66370
10693
68139
76926
59026
42343
40900
54809
74967
78316
50938
56113
8235
88374
40655
39642
4173
80460
14930
78814
35077
76840
63752
67830
71374
67606
81443
7020
35603
51625
96738
37615
34
46161
53108
81483
90385
70768
81944
29711
87916
88436
92538
15456
80060
17589
62293
1073
95817
12198
48195
7335
76262
44087
56277
13383
72834
11465
99681
60095
36469
40776
47886
96658
59171
45152
19746
20408
56284
52067
1256
73355
32513
15236
75257
75338
57648
81368
34790
93371
88973
91068
14417
69496
16525
55018
14521
55337
74629
61470
12471
30561
58552
39209
51491
14574
8671
21265
73189
16033
76181
29036
12901
3130
64175
23877
8382
19134
45836
53807
81809
12262
97508
56647
42714
96738
48579
67764
25122
12775
42393
20487
16080
7203
22821
20352
54678
13597
9645
20545
80817
71036
2587
25170
91150
83977
58585
99487
16005
92236
19840
71754
65561
89714
31169
70064
6134
3239
74404
49334
18173
18786
64817
28585
56399
21339
99976
76688
79500
96786
24993
55952
41885
29485
79753
57261
43232
17547
23516
37883
12909
19334
90198
3662
65815
39355
13650
60979
3793
59460
76447
701
52478
22121
77958
66263
17320
76604
87880
1097
14440
5936
49970
66836
82146
62865
27366
72992
7089
56361
35643
61297
5438
46704
92711
43428
83896
26877
25658
99550
67993
90671
13807
6909
25808
13860
14562
82665
34111
3737
14005
93209
30914
4490
67753
3409
73486
81118
49237
13539
74134
42968
2358
59096
17384
9494
3385
29248
71690
65449
72982
93409
96360
495
43429
12165
10150
79066
78374
48812
31803
40364
62875
90748
24781
85448
30007
36214
78552
68676
66994
1167
36995
74111
48592
53506
40859
24005
78370
87464
85650
36128
79555
9632
8967
19432
66297
19939
11968
73448
43463
35818
88563
35785
28504
25883
82840
4274
62450
90605
20376
45497
78772
51824
62281
89881
28628
90336
12178
4982
18905
1408
65799
33267
5522
21717
30465
78407
98621
18060
57450
25020
78529
18113
24075
80759
91839
6571
74338
36812
95422
6214
77011
53101
42906
12745
88326
87881
62915
54696
12739
7895
61254
5251
39733
34925
90309
81547
97213
7294
68033
28817
2766
60764
96227
1671
12916
62289
23201
22911
67470
62191
19450
21424
1154
65604
86623
25047
47948
62385
99889
11725
94896
96224
91656
2853
51625
98280
20686
16375
89406
58457
34776
84052
69321
58285
27477
77225
22941
43404
9727
78485
70889
70739
65814
82844
64778
25751
39729
11323
16202
68497
2786
72310
32846
33747
86257
11607
16231
80037
23835
50785
88203
55285
37896
25262
4008
22477
20786
98497
78655
67951
7810
46710
205
96890
12115
79780
28761
5956
93308
88246
83133
11312
61463
83810
98500
1823
76057
31291
97892
81838
85417
53672
57855
65724
66434
28694
64462
87179
66561
85415
49597
90373
20542
52185
69489
77097
12839
3710
37513
94336
83404
4162
51530
60079
29208
45779
62368
41677
36850
37912
14535
20672
92635
10213
52840
818
55614
55443
29316
41836
46428
52338
63717
30499
155
77038
7780
32739
54926
32752
38607
5740
99722
1690
59683
87356
84559
50688
19434
21687
4167
2554
66686
24287
2306
18839
49983
38236
8040
26551
33454
83160
7545
61281
45753
53327
75463
92271
585
78034
38335
41142
27405
17794
19311
5319
29132
33174
18125
49649
40038
29668
13214
35228
91463
51599
33923
13206
5591
70814
39883
23102
28260
91791
61920
132
80616
73809
4300
14115
56389
52949
81609
33701
16691
31928
65263
34005
37423
94194
44396
43134
45751
90156
63815
53717
41587
38102
87723
9172
37581
80088
52074
11324
66882
33953
10729
85881
1759
86638
50966
85369
98150
81107
52446
5316
31297
59417
90396
38769
15863
37872
38560
96704
10258
6695
10356
77426
89385
66277
87753
76766
32608
34828
26496
92683
14475
88120
93631
92836
4566
21030
88667
81754
79811
52700
23259
25402
27732
32409
85954
65295
72274
41613
98324
81724
85235
29123
76722
46228
55790
61005
49937
37161
78193
14573
47175
78979
83464
96672
63083
5852
84726
20514
26953
43257
27800
32401
51748
47383
38813
39970
15293
41528
38745
56937
30728
41091
51227
45853
96242
64312
64350
9976
75142
84649
19853
58170
46469
92450
93792
42557
83660
98551
1611
47711
64166
30481
7534
92268
86464
43161
43290
89109
72573
90272
44386
98635
63959
79957
93530
1162
76627
69032
20229
9096
67243
33611
43232
37303
76264
90865
58175
50949
56367
36542
66657
14124
64875
5992
14925
69660
97375
62590
60479
90822
66452
66784
13084
58930
84170
81448
3064
37475
89916
24750
14210
32904
76194
90491
81225
55035
4161
17621
92358
15912
67960
5648
56742
34923
62320
40665
92881
50145
31434
17947
69891
71120
28773
21377
86255
46640
97297
47387
2259
62651
87412
41692
51703
29974
66087
50769
46111
69337
34671
76845
50368
52056
65257
65128
52566
8725
85855
45033
72811
75410
93143
93408
55855
7069
48262
87015
70600
51334
15873
64022
95931
42266
39627
19788
6745
43332
8226
20932
86682
41627
55403
33487
84767
71199
54461
25895
2028
22386
13386
25636
41132
76170
50121
79515
77154
87823
29211
91909
10855
32495
70846
92742
47157
16899
1225
17523
1005
55862
99189
65448
70369
10304
8260
38420
31905
84030
25470
53745
8608
80783
48817
66367
30767
30081
63672
32656
61650
658
75177
97118
87549
33679
48396
85803
78162
44420
957
45783
7788
60719
3895
78740
90371
89282
85624
78537
22178
26762
1199
97576
44741
61596
24485
34818
37653
44648
44348
59530
25915
42012
97669
59145
39757
21675
51750
27050
96190
67269
56609
86705
81040
56736
23671
82154
97788
91527
51553
51850
15277
12800
11891
42612
90201
95100
28608
13632
62246
65136
32518
26625
19858
53513
49841
17534
12851
50667
87998
97642
44386
4750
14940
37524
9350
68837
89319
45938
58746
77593
87970
67586
60446
9396
94438
88623
95478
68945
57723
56847
76019
7480
3932
94690
96353
83022
85183
7469
31258
51391
79911
66768
77679
70306
16624
79420
94955
93445
79181
36210
36527
29152
65855
71285
81732
39311
16694
53153
70153
57942
94126
71246
12975
16195
291
78205
5873
70660
41212
97371
96213
45297
2758
7379
63653
13811
86192
71363
57744
68895
62206
86930
98699
47537
41436
94898
88244
7475
26794
99737
96286
78849
8318
22702
86140
47287
84809
29857
16112
59851
48165
51496
8507
83711
46118
36901
8432
88856
46974
68966
64261
70840
66017
96877
49243
77270
77381
31885
9400
52647
27470
91127
66785
70157
86441
67528
29076
76159
22783
50009
56620
33352
62689
17532
16252
11991
703
82967
7555
45027
61036
68331
81712
32664
69976
51620
85683
54601
88988
37312
55188
24077
75365
67512
48792
96874
82724
8824
62382
30530
87158
21175
88429
74289
26531
39196
87625
58691
70169
74133
21861
45198
94128
74893
56962
90894
23252
70488
81214
81042
15378
52948
1416
83162
5353
49746
72057
80309
96922
77824
85196
48335
89094
67495
98681
52193
50234
93836
8627
49717
7934
55600
78359
7812
5621
97272
20548
55606
87887
78545
91835
21902
15686
57365
99964
30108
79851
67565
42321
52859
76758
40246
91700
60643
33531
39202
20259
34036
21823
55021
5834
47494
78996
29945
96113
74166
63451
66118
15676
5835
6861
3564
88470
29823
90251
41033
14045
55595
63140
12810
79693
37794
45364
27635
12625
99561
99757
22099
76414
20264
40499
80147
94154
15117
46747
22833
37122
698
84056
77960
52227
9991
97160
97995
14105
93315
26811
6420
78451
17429
20679
17654
82027
54041
53722
93716
81754
31152
46972
72028
50397
5834
75333
23028
49580
5518
84792
73748
82193
76272
97323
64055
85761
71263
67843
85943
65911
10292
71691
93087
84811
42206
43422
57820
13305
45971
58108
95738
27426
13334
44858
74349
80084
66249
48953
71497
6941
75626
13763
51710
31825
64461
36527
84232
21522
98031
63106
35138
2377
86602
25993
27789
91845
51975
97133
80809
17013
38182
22531
822
89040
78802
29144
28406
77607
68590
46235
10003
82660
25523
63136
96002
32086
70835
53270
45742
43441
99278
30350
53906
75436
59570
66794
99569
60617
15893
96706
59115
54521
15286
46173
17312
58559
42930
82169
57002
73984
7557
48001
7210
22506
62607
58049
81889
25493
35243
57426
47105
68139
4998
13247
13146
87596
46529
93329
59858
14788
26889
5475
68455
68460
26692
15835
51117
47014
36684
38455
40872
88744
66499
89702
28590
74346
90750
31116
11343
26887
49102
82083
46959
23931
11607
69807
93300
74068
18353
98191
47573
25872
3322
59538
90988
71106
16394
83375
87064
76007
64532
15266
78158
24562
3450
45115
74029
85903
24464
59245
28765
24320
97679
73478
57907
54833
52353
15443
56323
9895
97996
63515
39213
23489
15641
17068
43537
57751
77755
68148
95243
94215
87355
68182
68875
86881
62169
35033
40414
27508
28053
25454
61709
4923
27377
5946
65362
49561
92727
91041
42663
42079
84027
82174
23958
30618
38047
32633
30814
45090
33289
84452
62355
18897
30355
71659
24392
28546
8167
60957
9240
39852
79779
5688
86600
5796
38020
21859
71400
95539
50870
56020
93225
46715
99162
3966
3765
23852
25152
56508
23642
34593
39452
93967
48060
2393
15968
24599
1897
19431
89750
63784
59203
6743
61018
80634
19464
89879
141
96564
63601
57901
42989
6405
96350
11113
63803
6813
18467
18651
13640
58996
62177
891
16422
83195
66322
23630
21770
80914
63876
41068
24048
7502
3798
52857
70426
72538
31642
46833
97262
28328
8903
83495
53760
17889
59786
40934
94569
92945
95872
79597
48925
79741
84131
5147
2889
65904
91764
4628
63394
5095
62582
6276
8055
87882
53919
66496
63092
7024
90521
18921
93184
53280
72446
29887
31745
13902
7659
92312
27835
10092
26858
55649
36814
2047
77993
33442
35835
10567
91005
52002
2431
52778
49508
3789
54661
66167
5451
47337
14704
99904
25251
51885
24267
85349
61421
19366
9796
58675
2446
28990
68266
97682
65470
40392
20164
52194
61256
60149
55323
92805
79019
23465
79349
76307
9859
67889
53687
27762
51876
79189
10706
69001
17472
70825
16722
81209
93916
17946
50472
75310
91952
4443
62350
58025
54022
57296
80546
23751
83634
36314
34279
72830
472
19332
71397
55305
22029
73027
57923
65931
21864
27747
60459
70964
17030
81079
28889
30217
92766
39371
16441
88842
81275
69009
96935
52508
73192
69969
64902
26897
55291
3036
33280
97880
36078
99028
75517
52239
42067
53461
94161
90482
41873
63343
36402
63080
82707
94099
18528
69357
4399
74120
65898
94310
29786
2019
22767
22786
17117
17407
37207
62735
56
29844
80340
29670
33943
22586
16257
92984
13156
47877
99231
61464
23747
8703
38209
90096
47941
78334
35100
23180
42685
43407
72969
49817
73095
68925
3019
36971
93496
74255
55126
22609
33654
78074
75689
96824
65911
17155
78677
72391
81
69024
81035
47855
77312
11701
81954
96032
11546
35107
37055
68747
57781
78190
73126
94605
70031
3428
86830
60830
48683
36054
71680
12420
66921
89253
21566
72323
8915
68500
66261
84856
48704
98339
4582
11252
47976
43111
14267
61000
53437
99492
34115
25568
29983
23173
33592
92114
74608
14609
7840
53968
17789
29499
61900
1943
34032
98476
76999
75943
51324
37513
83826
79882
70435
5578
3027
14568
79325
19361
51498
63017
75355
66197
54560
70546
88570
65806
48758
98052
33002
19056
7724
91024
99775
47689
74492
99142
45723
72782
37592
1698
24290
1709
45436
42648
51709
93444
13701
55719
722
50288
43871
64824
66585
40439
37515
77917
55651
90296
60586
53461
5520
97994
84730
7864
57554
10388
8492
49489
67509
74536
40311
70281
58093
21733
7306
99575
88451
67215
39149
26315
39902
11892
64653
25702
94680
13826
50231
84190
15017
56605
4023
2782
13578
79412
67208
72767
43085
49270
14934
60279
22914
49807
93265
6505
63495
32867
25717
48891
45557
29375
33164
95353
60574
44089
24305
38288
21188
65232
30374
78091
5986
4457
77412
36924
11667
45196
12154
82622
47473
18181
23500
49944
21687
41747
30497
41744
38080
61528
39926
16202
41360
99242
11824
17912
25013
73464
9649
90391
42367
86680
53310
15505
42249
82341
37899
61327
84331
63254
28735
84115
76065
28387
94189
22375
13029
28969
91765
41375
97610
66777
80072
35050
57106
57597
89524
68835
81663
61029
48025
51809
54915
34221
24385
59412
55720
1514
21846
89032
68138
44645
26835
19925
48550
8831
93972
66231
63813
88928
27329
57222
32365
6821
92
52490
71426
16311
40015
1430
77733
74973
96451
86146
46687
3808
96219
44837
65384
15008
90239
58744
98650
25712
90580
99910
24055
91386
98455
79264
61809
86297
27736
4991
88495
30514
35624
59646
19811
12978
82436
31157
96791
88415
55784
87627
12422
32179
10981
68781
71144
21629
99101
77902
82401
75204
76879
97303
51243
21108
18537
17628
43905
86350
78603
66718
74366
93867
86926
47286
79078
30539
92350
44318
21367
2162
9880
42916
94463
22736
67685
5173
72666
94966
94899
90742
93864
26414
38960
69900
43408
91493
52072
70199
49328
93337
40406
18208
91910
1547
26778
86382
76851
41916
37781
31752
20549
92461
89757
17930
48480
96422
14464
44804
13233
37392
34954
71365
97429
34299
74901
6255
78580
4727
60527
57891
97873
13863
53263
81474
92968
73382
33396
33680
26028
79637
40246
47525
62579
83752
62747
69659
34193
67601
65866
60270
48584
59066
32856
41804
94371
57614
1167
96868
24613
56941
70645
57972
93117
45269
66717
2181
60642
35869
48344
62266
84254
30465
60792
92619
52450
46422
46666
82978
31096
44938
45128
95917
40770
81944
28868
15090
94825
66040
51146
30378
89290
48469
1102
53380
50649
89013
94527
52089
15643
38668
59439
17132
38397
55030
11033
23628
94509
19562
48969
32468
79178
57273
51473
82777
76996
68774
85341
63315
14759
72312
98685
14754
95420
19095
14169
7041
51289
89042
94445
56489
47634
96119
8666
95742
14018
32455
89181
86445
80049
58715
30908
69228
44644
4508
52385
78513
13472
77106
7120
10707
97945
89349
6622
23488
80929
8311
92374
61185
19311
95177
73011
46651
71582
53734
25085
53598
9843
29987
41083
74957
99907
8636
96697
32696
10642
33477
899
32359
44259
38294
86957
51686
62932
12382
322
66784
23967
40573
40158
61658
25665
51490
15328
37261
9104
79708
82743
34807
57240
97624
46258
14733
82068
1043
7672
87460
92984
38834
77887
75064
95117
61501
75923
93937
75022
26083
66215
87750
92999
35549
10536
7247
16203
9682
39855
28861
94814
81422
83583
27650
4686
87745
28930
71718
54252
77369
21445
85081
80864
88924
59341
33827
42351
62700
78811
26476
43238
36695
75328
83590
21905
43378
56763
23989
64897
67464
78189
35297
7672
46944
65355
45142
27243
99738
94063
85924
31523
36521
56072
50903
2589
76665
8657
72247
56663
18681
74554
12713
42298
29161
31822
51797
10078
4922
8984
64490
52067
31931
79849
36154
27332
11536
34526
30607
61029
49631
88397
30120
28878
7630
79209
95872
16296
95429
93924
55258
71996
46053
61631
8521
59590
49248
46525
61339
47520
37017
75903
32241
67597
7950
42064
54201
15488
49156
24190
88235
62692
64719
86486
93525
98849
47804
22271
53355
25674
39918
30208
39071
79381
5250
28478
5305
67140
10685
35472
48858
64942
42735
71439
30937
39163
11529
64555
57828
22222
88963
76978
38656
93885
3191
1725
90499
94100
64887
19595
40952
20691
32043
46832
86121
45788
29532
48899
98061
18592
27284
43433
39855
8861
46628
66388
38788
85455
8202
29324
88495
17352
56821
52967
99504
30731
98765
22395
94233
55024
65207
72600
47315
43313
71805
79671
4999
57971
78990
2473
78448
71172
70072
92453
94885
41695
54990
65080
7842
94397
76407
5435
13167
46782
41800
62593
90980
98304
30311
72690
95443
22340
26335
38944
43964
78230
13172
88426
15404
91319
19553
19970
52855
32667
49420
55388
80747
66864
41106
7043
88296
26372
95862
78801
1756
13845
87685
24560
66425
30097
16482
98758
86059
74693
94833
46689
22103
68573
64960
98920
38075
3697
26987
53754
85465
33394
22172
54436
66675
78886
55507
93660
77815
42444
60947
6972
29566
85653
9476
48749
67881
52496
35345
79734
67918
91250
9016
33457
54436
56643
16708
70373
9738
54302
15901
73199
66319
23177
23771
84675
45531
38476
61226
39834
95846
57580
19083
98915
4732
24446
34893
44127
6657
94253
69005
63773
86454
39296
46698
10592
81986
49630
89561
87695
23047
47504
93753
85098
4390
93313
25395
62598
79995
72642
94048
50640
82940
18873
34109
19802
20659
43938
70882
51663
68902
20957
73239
29089
89390
86836
97950
52319
25907
10338
12147
78768
91522
1697
39850
79069
45641
23553
16077
99648
73757
99783
47770
22994
25062
8767
74660
20795
33469
90666
95113
2231
46165
94509
72122
69987
10432
40189
62853
9907
24305
72903
21456
56731
39495
43145
9356
97971
16097
54065
9839
751
67709
79788
84446
72306
2909
73276
27552
93831
64438
50334
72491
99524
90961
57592
77657
7900
77956
6588
74254
50825
94050
83522
88719
87265
17047
24833
62290
33310
89910
82415
77823
87857
61134
89131
69650
84145
66231
75207
36152
51406
27440
79165
96656
27966
97344
43147
34402
27424
48700
81774
45515
22906
17596
66171
70288
80878
39953
70309
17538
45651
82423
85537
5413
48466
57901
20973
32725
90898
33140
72385
63764
31365
81385
60249
56487
85616
6466
8842
89103
37352
66461
62598
43272
43505
54798
13329
83513
10193
54622
42538
31850
10029
68241
66704
74370
9172
37654
10254
52036
73427
14434
20876
82004
26677
7664
84884
27607
42083
37149
96548
85318
56711
45778
84618
85186
13658
79721
1703
7621
52229
28037
37743
3848
86356
24294
27500
69959
34194
52004
83796
65229
87734
62907
3206
84182
40233
12591
58933
88887
21438
41447
16809
83050
25795
80630
84692
62697
57246
42468
32945
9599
55690
62698
4260
3026
14833
97902
64797
13076
48911
45718
35397
4478
16619
47668
81587
23678
64621
54838
34164
63949
10116
85215
58316
3372
42202
78124
88583
88780
85153
55987
99381
95065
33246
36566
86378
23760
36362
99846
92724
17382
88397
2916
25930
56745
46338
53460
76138
77322
86915
97884
64602
87669
89836
53676
22379
98061
21867
17189
23551
70697
84424
7891
74730
84155
78821
67997
93193
64305
37954
22432
89642
71424
70959
18259
8442
49031
68266
4971
68108
33774
18462
87454
87874
97683
95504
81985
82402
44222
85100
32263
55951
7750
32429
97274
29827
12397
9880
5691
92453
30803
23138
82556
70113
45772
96668
93138
78249
58631
5558
16155
28099
6900
49663
53956
31560
50892
98125
10797
68350
63919
67620
21991
53834
14039
36021
96528
73347
56593
34709
43629
29404
66287
7374
89773
81877
25143
70898
56870
48036
48384
64806
64546
69288
74154
29761
39930
44537
64960
12716
66833
76230
68804
56589
82910
74543
66211
95696
38160
17525
85693
44703
61018
70641
4682
38462
39363
27822
65531
52859
12886
47951
26934
12700
90576
25653
39957
71626
52483
53328
84826
31213
68446
2555
29746
51648
68143
77310
76216
94755
26604
68883
36680
31654
87227
72954
49814
41951
30395
12957
76337
29132
9926
50708
33979
77690
21890
55187
24072
81540
40734
43451
74202
80381
56189
3823
71460
50952
71093
60852
89063
13461
75044
43948
15446
30029
91733
77175
79408
91551
8795
16385
27495
12205
38226
21681
50524
76645
22661
68133
74988
13980
98253
65766
32078
4727
48380
80987
92134
62206
34128
25975
5571
68204
67226
9978
22669
84262
99062
27027
74095
4543
35415
88278
81607
64008
50712
94002
34140
66512
67913
80195
8294
51407
90506
67820
34227
74407
21668
88926
8060
38699
82279
63163
30122
75654
44275
50683
4696
41036
28728
12971
71416
62186
79093
71843
51063
44449
9192
68661
79213
20979
42827
90768
70063
9047
7291
50199
99709
18139
16600
70923
23263
40340
81930
65183
43420
41929
16513
56947
29418
66569
60176
41053
44826
55132
34726
50303
80178
84947
55545
39599
2199
32131
67068
86158
25226
64681
40186
47873
82374
81110
68188
18132
24129
19693
24504
64677
239
76750
273
42554
87152
88899
22725
26754
7697
53833
66334
18863
52316
86967
7916
43812
51880
37115
44094
67805
70954
13425
84983
36543
87368
7888
61476
54054
99034
33010
35161
96767
52181
32603
79718
84906
16518
65167
10504
13834
42322
3953
75124
81687
22023
45561
81902
36441
44617
69797
35475
5506
75036
47518
69138
63992
12632
50335
12103
44007
82972
76272
6488
86642
95428
68899
93655
90750
55320
73907
22400
18183
53919
46774
92561
73868
72151
97894
36750
90879
24601
37421
60211
15637
39259
61108
4203
6428
15411
510
71873
29602
27188
46217
57187
62167
43496
41133
47354
86897
16420
32326
26996
96666
49636
64613
98429
8402
95990
96786
46543
23858
49111
22275
19044
64377
87784
80035
63276
49837
3757
48586
59319
88214
93799
26378
15770
91472
24990
15045
49362
35948
88624
38593
52511
40975
42553
51226
63903
48159
4396
9245
96393
45557
98767
8343
43780
95927
80527
16616
83436
96325
53031
65756
15274
17454
75433
98122
29249
45554
6356
5783
73320
77014
62554
39122
1746
96470
80688
7221
19612
2860
57922
40003
3634
34691
12781
32972
71602
85739
51540
49434
93187
95471
47407
12147
83429
44642
39849
76679
96827
85874
39639
42057
44781
91439
81534
20858
92022
6032
998
60470
48704
51043
23943
80047
64013
38615
49215
63529
44384
18733
72385
28117
64901
670
46377
69726
15908
61279
99571
72180
28591
76954
35229
55305
53025
93525
17461
28561
20119
78909
8387
11513
4919
87042
58787
80162
22878
98418
70231
99062
33016
92520
40516
3129
92257
50484
76256
211
3829
82523
6515
75694
29201
23975
59625
93849
87873
46252
71691
7093
52224
84564
79705
3974
55646
92954
14867
49458
71376
99021
52349
96958
86709
45630
92659
80552
92683
74988
46684
27984
32873
31658
71618
70258
6584
35373
58181
62059
1510
2001
913
68703
38868
71521
92758
19971
49997
35618
72803
78911
67636
44279
21698
24606
7320
10728
43187
1871
34797
27119
92130
47999
63849
49566
9469
66918
5623
10442
2863
84508
95296
68279
68030
85310
54867
11215
80306
520
11871
88582
98557
89894
82967
57070
14269
36058
48667
92841
47504
48761
90850
39020
38397
58691
38262
29206
7935
65762
66851
51925
65004
95139
31581
98438
18039
5789
64267
66838
9069
90955
58020
79077
25559
7716
73049
4401
61173
73685
40841
72578
90418
72871
14165
3395
94124
19890
8876
75077
22790
41952
10140
3614
13053
51418
70529
7402
78907
98260
10280
87188
83732
11328
41113
59993
61836
60155
74119
47502
98891
94841
39527
34357
99524
50609
41583
79848
67293
35727
95284
87700
97347
56763
43393
12951
35338
73501
31925
12384
87452
17366
30231
25515
75949
51825
17810
6849
22143
991
24170
16924
4530
23519
319
19621
83585
62927
20897
26236
6730
62546
64476
73083
7085
93618
96237
18621
87808
8386
82000
98616
40222
96563
95496
83371
78345
93178
41818
39762
85088
58547
9135
12637
56076
27018
78036
5065
95902
107
63300
55017
68610
41815
36398
77201
29275
19122
78713
63151
66799
19083
45241
10062
69373
65407
76444
79453
83521
52067
81967
70429
75266
9218
34084
29125
17648
17594
51038
5860
22705
91547
20824
14593
7962
58033
14525
45461
37614
69095
64966
30511
6779
98765
41210
65153
43547
91832
32380
43458
88058
51540
65269
74089
70382
76011
19413
5488
49753
79129
70544
3871
96521
60542
88780
95663
95170
21646
41427
7182
21853
59612
1940
8705
3104
9934
46362
97497
93754
49444
26483
34923
21522
16415
44990
86506
33387
52077
22035
540
44538
18786
34947
884
34559
4076
33202
62568
57480
76950
79331
85061
32420
23035
43066
77376
59777
48579
80857
21610
64248
9797
65751
87079
464
93696
93713
25931
69599
49247
81573
92899
86045
43670
89130
96826
2089
97599
43288
9638
45502
35007
15691
29650
50059
69049
6956
20398
62194
33337
20381
23638
88406
59687
65942
75694
7429
97980
21405
40084
8839
71567
91551
6095
35466
62489
48786
92989
817
24820
8838
42542
24717
31552
93756
78828
80448
70695
61093
63477
74904
19652
32960
77073
89610
43429
41511
12923
94957
81867
18485
78121
12556
13835
95582
58659
41394
12213
49728
20251
82268
32487
22702
84633
91974
9904
68131
42273
73838
75409
30522
36747
64359
38936
40777
83487
7123
30151
20557
66155
14586
31373
23888
87609
5955
85133
8566
39227
75080
9736
22212
92301
86162
10172
8212
8298
17002
28876
85347
10933
69673
41056
31542
62367
46671
62728
6988
38241
46966
6069
84763
1861
70859
86336
18133
36499
35129
57365
62875
6633
90685
28534
90248
83861
3795
95062
71635
91305
8908
95685
89428
91504
66227
96961
30398
67122
60365
91857
47539
21221
57804
91781
34335
54442
326
85829
41389
60096
49187
38791
79549
15010
10534
326
95923
33906
66416
1736
79603
98148
7685
23864
52456
65895
15225
29952
26971
20017
64130
70599
67981
12551
31817
84548
77945
20075
75548
38572
36543
33033
7381
72560
64486
63885
35371
41737
48707
73891
58608
76956
61562
86399
713
16170
30136
75707
41480
95386
63472
94876
59576
25839
25289
33320
30585
25578
47672
75563
34099
18336
17263
66247
11238
60251
29630
73280
79612
5951
99783
80970
56666
79450
37213
38053
64265
72492
42367
31703
87514
53194
58131
57941
38990
31229
14677
11303
35960
92316
38946
22180
32576
84359
61066
28946
61687
10401
39168
83805
31600
59379
41349
56221
91974
84698
68947
15878
30008
22769
78803
48281
83192
28906
63887
80468
58084
96353
81412
71687
25955
15722
75485
54521
25595
26753
27386
95585
41186
12046
80717
81759
38856
83315
30947
27868
39386
14716
39294
44757
76510
84890
29422
2947
40352
99694
52084
76324
33754
80879
57635
52788
75612
22564
99238
54349
69800
36918
638
17838
20855
33251
61520
49229
18337
598
40772
79501
30607
92842
53361
18042
45744
47614
40094
20786
72428
5405
21160
64586
66829
33729
24175
46778
82889
2698
85331
9441
52867
2945
58286
21572
92603
44652
29631
39184
91688
27267
31988
3306
92567
23520
66273
28901
84588
78472
93144
83938
39084
84592
30335
57140
89831
57232
97365
65407
19535
1353
81999
57439
47505
30032
63910
28816
26256
67983
20113
75572
45493
49231
54051
78277
10802
97089
35616
26660
11332
56681
12921
66067
15841
35558
58310
71276
39725
96286
40858
30725
6969
36420
75536
54695
90462
85896
85269
4737
51688
49617
26225
78425
16535
23920
69019
73448
17835
19562
98875
98158
7184
31055
96363
91835
88707
2380
86952
67285
55672
52518
2446
90803
17160
40734
80234
70118
86529
71174
37371
29613
65947
59101
95615
13946
2045
6948
869
76111
6553
67415
75882
74088
32768
2913
68564
21378
73805
85954
9987
11062
1787
23447
75873
60460
98508
29359
53321
4025
37542
14844
50539
95803
65386
12686
51510
69616
94957
3776
9818
45040
68584
67374
96249
60350
69634
33991
63341
59771
62000
80025
66693
61696
14888
66640
87655
86981
26717
91876
34907
31985
96387
94628
63474
29720
2793
21868
38911
54286
44165
46369
91634
88713
57680
1196
51818
94397
86757
79349
28798
91510
88532
32222
589
84075
77254
88874
8894
40842
80679
9664
12922
73669
46007
82403
41325
38806
69517
66921
95780
23278
39770
94857
1956
68536
78093
35454
74094
26580
32044
45286
57897
39977
27643
30097
43130
86479
14378
60297
92095
31433
43352
98190
13059
86699
3399
14614
18757
83504
2598
95430
49235
28480
23343
64194
5609
27062
97955
76327
36693
26500
48837
72246
44018
51915
12205
12155
22393
83178
17717
53586
32980
47780
27636
74290
13717
85490
48624
87684
68010
74227
16898
45832
36739
93444
23170
75822
50920
41221
87658
49382
82781
14351
17417
42730
61531
6904
78349
3893
96775
82032
92453
8110
57311
24267
27257
48457
85940
85103
78810
78419
91975
93336
62226
95942
52292
13487
14513
34326
69036
533
83228
4357
77515
17273
21508
14206
71361
51829
35096
78833
13679
97087
30240
19088
32700
31360
92642
42122
58356
70092
87152
89425
42250
42111
5469
36499
17624
80784
4859
29098
98239
10338
74712
44952
85483
50695
39778
77017
51552
60355
58983
44560
93207
86173
6962
51749
5426
91329
31797
29946
7126
88349
66920
19515
62218
12720
37724
69691
78382
34468
44178
60995
33261
20017
19548
83606
73150
24685
62350
37297
52835
17399
13695
53754
36852
13501
5486
80493
62256
18969
36191
7099
70878
69955
40462
59116
55102
85196
6421
32698
25329
35728
60172
94002
99605
76213
80953
21292
36295
75297
32298
24875
79198
28604
94692
40225
61191
37262
63416
53053
17256
87327
31629
81548
90652
71023
13207
10686
77041
49409
72454
46222
40527
67907
18533
31887
52858
1054
91292
52293
52454
20917
12156
26185
93444
54808
98836
79952
56572
22224
45846
79652
23612
18420
54136
91342
74842
42551
52669
34118
55150
52037
92314
88024
68533
61597
8197
19868
3006
95377
40467
93993
58362
43616
75419
42184
47766
71521
19025
77115
70809
77328
43113
47162
10442
98959
50832
46894
89132
24268
92451
17155
30588
68539
25212
91462
12592
44739
51595
71265
63755
66951
89288
41661
52393
95492
23051
71253
39308
53397
63817
75128
17873
18290
93557
58271
44617
21075
5812
98273
71447
63478
61251
70797
26626
129
65210
69020
55824
17719
39907
19169
26842
83696
7855
48232
22002
30019
24983
17112
90735
83703
2062
92682
11582
55193
31265
95635
17572
48037
91028
27482
71886
58913
36862
49710
41713
95748
98353
60849
7417
53471
93320
93095
61358
51911
38939
29100
96168
58397
86621
21728
55795
88795
32529
84771
24293
5090
58833
11045
57129
4976
42163
65748
17664
29578
25178
97640
67540
99036
84793
8298
73821
22564
46278
20646
38057
19492
86356
91896
22833
30896
40350
23228
49889
97591
78537
28734
70596
29597
45118
39580
64307
94609
59512
35804
3061
8596
64200
17821
32110
20305
65921
52452
54935
43311
57736
54172
78679
4158
28351
91277
71344
43209
62035
38805
5638
26041
7582
35284
15999
97494
47989
38775
75142
37962
33863
19177
4354
62062
53035
68387
67802
33511
96495
57666
65303
56860
46417
22429
30261
46669
55974
8709
59897
67793
12528
72634
53446
86602
75965
84552
10626
72323
62084
52775
47504
40090
97372
48469
19764
32886
5905
82777
4437
98230
1768
60098
80301
27292
51064
7243
64456
89057
36458
57254
7973
10222
4171
48776
27068
22709
98425
87111
47906
24980
91563
1499
72910
80801
99445
24647
34396
9642
31147
15153
87347
6627
59620
41251
7333
66723
15691
45165
1852
77839
1600
11356
13785
90531
92299
69091
94179
68249
42763
70020
48263
71322
47861
94798
13344
30380
7617
59327
10180
20414
35220
10801
20439
55427
7684
26499
82017
85396
99842
54136
61284
92246
61141
61621
56716
49568
91743
96149
11935
32032
49476
87857
67809
34755
72443
71614
63071
90310
33427
42054
813
51648
51705
1551
34262
42894
75474
8628
89382
66783
13842
85142
34150
97445
41141
94608
24762
80335
18338
61138
7544
7267
76380
58750
32036
33840
84557
64146
35454
58995
83302
32596
91699
91994
95314
26180
79074
90800
41518
96371
10054
67679
79053
98880
83733
22758
47362
97611
66972
84344
55422
96777
83832
6031
68244
25419
94506
94883
53991
87002
74773
22483
34431
78222
64894
1157
40890
75823
42908
91394
15484
87941
91453
43304
13124
67413
69511
64889
53642
88447
70891
52958
45344
95223
49805
18742
51417
41205
20541
89539
98822
51365
93036
70189
35650
55989
89042
3747
27412
64387
94638
79383
45307
69568
43980
97397
40249
833
96479
16143
15281
70237
65002
73740
5965
90983
76221
98635
53457
81109
95919
97406
8173
4152
31801
35616
33314
40030
34322
8119
86999
23958
52047
28897
49323
39031
62210
57315
26419
98922
89461
17653
7412
11193
46162
61803
72162
68824
76155
71231
47758
77824
60561
93625
89965
92174
48987
62079
22181
93834
12386
50230
98915
25210
74892
75465
73395
54198
71084
74130
39675
27808
92428
37599
88386
49405
32052
16157
62336
96682
10562
68810
23182
82775
67225
61475
43674
51292
30697
93428
21289
87536
41299
62478
68570
22821
82968
62990
73042
6557
97099
47728
35364
21629
92814
74430
88148
22625
38612
1054
69910
83575
18846
89888
78687
52149
65196
29972
58082
20586
28028
89770
74835
40200
35486
67558
31527
25875
99182
15715
20567
19754
64500
76907
66393
9193
70836
85091
21616
23049
82482
52339
79836
62510
74429
83683
42956
57933
8978
36469
34033
81507
18891
68192
78054
87105
20668
97301
82504
93279
17610
35202
37187
73127
16473
34471
18481
65636
73803
38241
27062
77108
8450
8795
10100
98395
65311
59592
19022
23948
91984
14249
32184
22040
94826
68483
28097
72027
73805
36530
29380
54168
96570
22303
50164
50238
61334
67333
70413
89083
15440
92480
29488
50249
41887
68494
78223
20946
99644
21663
53905
86886
5232
5126
45762
25866
72821
43857
99912
64530
88039
91900
72196
53321
76686
24131
74928
12416
43722
21607
79294
2309
201
99567
29006
76720
66189
70140
92768
82604
36292
28068
33233
82341
21029
97041
98317
86519
32123
76675
47121
2245
62635
85753
7161
21565
23954
6032
22215
97283
40788
92711
90808
79399
72583
32647
14217
14359
25223
99420
69841
41438
40399
75574
876
55851
1670
86662
66475
46548
76061
19170
27900
58161
17918
74960
55654
71190
97811
48562
30185
42297
83391
461
74462
97407
91447
39471
593
24375
50762
20352
74597
69059
63958
9016
3570
98926
33124
66977
27691
61679
18856
59167
55857
32903
35223
94770
18232
16355
44197
69456
21559
33281
2285
89170
83848
13016
29332
20618
93848
76134
14934
31631
87742
83528
51377
55772
60554
10086
83727
39898
33007
89969
97444
10806
75913
72025
21827
27661
53627
18501
13627
70601
85748
77962
99311
52745
41896
64202
96772
32722
78327
76946
7654
47976
97040
7269
70041
85232
58188
80900
87876
53854
4802
5974
8286
30269
65177
8290
897
97181
82759
56762
4250
10010
85973
4506
43592
84786
51123
96888
91611
16688
30376
26849
39074
6480
13812
49977
65883
93274
69593
7013
54715
66389
59547
39902
69189
56493
58828
28957
26429
86804
17731
23372
29923
98794
91407
85051
92720
53683
28891
16609
73323
50922
56726
98395
67020
97956
14447
16528
43950
11735
99271
24190
1833
31762
55560
41779
6120
76904
994
68065
23190
83770
15837
44076
13275
23133
34293
84243
38950
2712
67662
65171
62322
29547
57871
41431
49435
23285
6898
39890
73966
42884
52739
69343
13949
13543
65757
70606
65025
18132
20630
23720
51659
47938
58569
23543
3768
91252
92077
32772
80390
75136
20247
22309
64288
65631
16445
12893
21819
74765
22192
39034
20903
18894
31157
66572
26607
22211
75410
8518
48640
61735
32395
379
97967
5630
55614
15773
20773
5392
94539
25907
17193
64300
10066
32351
19471
19405
10606
31580
99671
42456
30930
1842
544
86315
50956
38199
34869
77750
4897
99948
78315
84926
62536
76133
88841
68481
73863
19508
21629
58781
55919
47029
72750
88728
66396
55873
77021
51490
52406
57948
5931
45529
84793
93018
60051
15547
88466
40801
27001
97251
57461
15784
80823
26288
99761
94998
31544
77288
91414
98643
94710
57609
32046
16172
39878
92225
84630
46365
94293
1116
51180
98891
23420
88615
83046
86999
83530
35315
49547
26247
43169
7505
91956
42531
183
76503
71123
84194
78818
70851
76574
27633
77498
68000
2468
63548
52015
68968
11525
51888
61169
89348
1918
37529
72285
43151
64040
25866
22599
92135
64219
27733
59130
82603
20609
96470
34471
94075
42893
96434
18822
79829
91866
61911
99639
87985
77581
28095
79408
13612
55464
41732
49374
47305
98645
87989
12435
53727
21720
2251
51955
34794
6286
70816
94921
6534
31769
62818
97638
46046
46446
77207
90077
45584
23028
33287
51019
44473
30757
80999
50307
96379
21703
58082
86793
69387
72802
75193
70986
69436
47122
67248
49936
23817
37970
9451
48551
60781
37663
59889
6330
73725
29136
57064
21405
64025
33025
70367
74825
15226
55473
74241
97155
63162
72626
92671
56783
91492
56626
39642
94702
220
94885
63326
4095
65946
79536
87024
54696
36919
47148
28254
91699
83408
30174
68904
96872
54462
41043
43961
85613
75829
47442
14124
27781
60619
13004
88448
22496
94244
71522
67204
27436
98218
74748
82238
41758
73604
3924
22389
68386
74215
63468
44903
36222
62103
81507
90258
45728
53452
26502
37490
12373
71665
11738
59810
21589
86273
240
66231
76190
31214
41452
43895
12572
64114
68058
47927
85596
49376
56378
20902
73697
22222
7005
62398
35519
18248
33702
10575
57350
33642
58051
42400
66598
14888
94929
46858
50752
63609
79634
76372
13549
82141
31304
35667
20463
78483
69273
24442
34191
95476
99070
10458
17444
28380
63033
73044
85165
47439
6818
23504
21181
47624
47582
78569
35349
6392
42202
35757
26400
42170
44625
75414
32995
31157
10278
93191
879
58142
52465
48846
67599
48224
80735
2524
67873
50612
54474
98040
92511
23149
66288
44186
91674
96774
29225
39720
99320
82787
79496
85460
69817
22657
22054
27754
60011
70006
40262
81645
60443
37494
62825
89124
77920
37515
31297
78173
98351
94920
39652
1644
13499
12452
23800
51532
78234
25111
63357
63831
75908
88373
20627
51921
8624
7026
82416
32301
96451
26272
89210
35496
65072
74879
33166
27096
24862
71292
81497
99123
96057
77986
35043
30331
14476
16746
63170
55512
60154
38131
65604
28542
87276
72107
99419
11631
97981
73583
75109
74136
94860
16598
69525
38288
67425
83918
25429
66327
16310
45022
7526
43771
95673
14770
63034
76955
59012
37473
91229
89439
26562
46668
60845
71568
53421
9581
26834
10151
66768
77088
88695
1174
57790
24910
1431
27425
59335
89864
97182
65035
13890
76165
647
68227
38078
31101
24673
69906
19720
66847
13694
27255
41363
35731
62216
36109
10238
49992
73098
35646
88785
73844
36147
25824
62114
5636
1360
23958
49259
10947
93130
94003
63535
63648
61832
92347
54038
1284
97424
87275
15066
3572
36053
25816
33173
58359
75116
41258
52592
88117
74832
17426
78935
71803
65110
51647
8347
11937
95325
87367
64713
64725
61616
19489
51055
72339
21384
10774
72896
10691
57923
96010
71189
93565
89440
92174
10269
54465
26207
77414
2378
61281
67181
49474
14425
5658
93148
25018
94958
48919
57300
95351
79718
99429
96123
11135
82699
42517
83570
28967
56267
43361
29729
16078
8718
95682
81514
75868
527
94683
17420
26691
1592
71335
40940
38985
80949
36944
68004
11785
17688
51866
72602
48610
67239
50309
1781
74878
90725
24347
96249
24243
56723
94597
56079
9623
54586
72437
72342
86206
16360
49218
4960
8327
30395
31626
24689
79903
43885
79132
52848
98931
93867
89454
26265
628
76625
20986
86870
10860
63964
37351
45499
31803
1493
8566
97644
95131
78849
5726
75274
34547
44665
81695
3308
49097
50179
38970
91914
51450
44480
47731
36538
21231
11730
91981
16423
12463
36056
89798
79324
96340
3387
54881
75250
55777
1147
40892
55278
86584
56500
37551
82822
1593
61763
68000
14227
78718
71636
70624
93142
41669
21052
35382
68866
12917
4734
4581
92689
32531
79976
41146
68234
93600
2673
13593
31908
5252
83291
46257
17776
57626
54287
35740
17541
29669
73336
40135
80761
50267
47823
6260
13067
95951
55169
11959
20817
84334
50871
65458
19528
1388
1544
21843
70352
82859
53772
47918
33988
55310
51258
91001
34628
30718
42529
84672
7905
40010
79375
55063
66248
85582
92227
74937
52682
90577
42850
49664
69823
23599
96991
9097
64645
81518
30067
22462
21597
20181
77476
49537
66740
33062
67799
90713
13771
91301
31932
998
89191
75045
64116
88553
58312
45680
21834
27074
36403
31250
90752
73125
10015
23267
8112
94494
12356
12118
33446
83683
93557
20387
78982
51848
1780
28687
63774
72834
44341
26956
35407
74365
29352
65683
10985
54033
97879
26163
25193
31420
44201
76630
37361
34494
87476
31987
41739
58379
1971
88881
45617
27641
34990
64962
28457
39446
41717
31460
71845
64253
44434
91565
54884
33138
79899
23600
42537
46432
33172
77629
55484
97031
68733
86868
99187
13546
60498
31162
47181
93433
91173
68785
18990
14273
38336
34969
66610
82592
89785
90795
85165
3904
33851
94468
93129
35121
51779
58520
85401
11033
98719
51082
48585
20242
97464
97147
41951
42775
84834
36609
89868
51515
44393
99873
1895
22667
31214
68957
35254
96685
44468
2274
41072
80366
31860
14627
90562
83285
16256
20504
60214
37314
19355
68343
66134
56634
19805
16210
76778
57493
23953
25224
663
71884
46196
76044
41017
57408
92926
45872
32872
26736
19131
18684
29779
94456
79943
39781
87072
66483
30787
67234
96572
77804
39228
17459
63603
18016
59233
49897
81391
70924
84290
86634
50185
34423
39652
16833
8843
79927
95967
92964
95188
56840
86649
86057
28064
46833
89555
30615
8834
25180
89902
56295
72964
91924
75802
73115
83357
94388
30427
49686
46299
74308
75507
99865
48119
37856
89720
72201
56102
64848
72520
18703
727
44648
49035
4695
57964
50591
14876
9908
80126
42170
1083
62466
81716
14838
98860
42040
72724
921
21394
86218
45990
61993
95741
34995
67539
2978
71625
52313
89204
81335
5969
70684
1387
80843
32070
15215
70466
68856
50564
76706
60143
58302
85643
20002
18935
51298
34508
33424
27064
49926
596
47842
35122
81534
41860
79823
94216
873
84239
82333
72684
99442
47395
18540
78002
73609
4933
9580
54198
77388
54511
45471
4815
13200
4607
89916
99445
94494
94182
54322
57828
47828
49082
64142
69713
8795
44717
91519
944
6139
88457
82199
56642
21458
57086
61852
20911
58103
24825
67133
69117
52177
95593
10249
53625
10991
9584
52270
96732
69902
28647
30065
85631
17137
17615
54480
53337
48040
29403
73291
46848
75108
70576
71417
29187
38256
71038
63057
35521
30932
6603
15634
5208
82036
26431
33826
41422
11020
18656
23459
7885
4130
7005
49674
58316
43423
8803
1525
8309
57033
502
76045
1706
49071
30678
98840
93875
10641
92458
5360
72877
9623
17407
17295
66168
6207
81136
61889
35241
43579
17249
98491
43539
18765
20695
36267
94020
47288
84226
49788
71881
97140
52345
25041
95263
82501
96004
97455
72149
75695
8270
75643
85225
17095
96289
79814
78102
76951
98071
62189
96116
50625
84013
18278
42810
49223
12501
42470
49242
81336
96565
29164
17434
8421
4263
71556
91548
96272
59335
64169
30789
78130
30619
72378
6583
91132
98841
92412
23211
47151
67599
88695
65900
51509
41705
61920
13245
88597
30555
70825
11908
52151
46731
3459
665
9728
60841
69545
88189
55887
42372
64595
34343
26630
63372
38534
58301
18857
66828
86866
98487
82906
4840
70761
79077
33689
33065
63986
95757
56500
7337
19205
19436
67263
65996
43931
30780
23807
97172
77300
40732
74696
84112
62833
22574
75201
93626
19487
79634
96204
22809
23547
99401
1132
47424
27281
99582
68464
21693
56806
54571
92919
63684
51219
1808
7126
23118
27821
66690
27393
69112
84108
11956
42122
54231
76259
12901
29520
8209
45934
83304
12390
89773
2453
28598
32156
78246
5853
82617
51685
17932
37749
92160
77056
37791
91627
49629
22090
56474
61891
38197
26305
48532
61914
46189
76881
91458
55312
27841
78281
35183
41797
36069
59389
35767
99243
29585
7316
73218
46935
61466
69489
29745
61515
89191
71184
39216
46744
7199
54369
31185
30958
92184
55550
83575
41983
68624
5206
66958
88271
47447
49542
10353
57140
64286
66401
43522
26274
45424
71559
74024
73009
59312
89013
38593
57415
69466
89484
27885
49857
90576
85021
21250
71430
63815
4414
83904
16555
9639
64070
72710
31050
86752
92074
68765
26074
84481
59332
5081
18639
2423
21038
85874
2740
26052
74120
316
71657
89861
91904
18091
31631
30645
5914
16667
69839
72717
66564
30963
65507
54107
29409
34884
61975
98211
81710
61214
49669
58914
45257
41435
45195
18828
65707
257
90135
119
26123
71010
34635
55270
2997
7504
15519
41183
16702
55572
86379
44178
15145
13227
8016
15719
69342
52220
61575
99142
52688
95745
3866
76146
21902
47144
44606
38515
16924
42697
88703
95289
49505
57907
53209
58543
55776
31173
38175
11926
46798
81359
3440
55332
2875
86456
79216
36296
22396
59412
17365
24164
54005
4158
72383
56604
12111
59969
86370
89678
45
45504
40619
12508
42642
95252
27992
45431
60556
40526
94860
26633
2345
24813
99142
6358
87146
58949
31860
10108
729
15479
53629
2645
30758
33515
4629
83148
23318
55502
56863
68526
92021
45530
90878
76698
13529
45185
95638
4526
98806
7381
9857
6157
38190
11240
45871
16666
80121
1799
62977
33188
18351
17149
86208
61137
30498
62638
98612
56638
32024
66794
70367
47968
84000
6923
26461
98582
20498
23619
96122
82203
41992
52943
31878
76508
54854
92594
33816
46090
23828
84146
65538
77651
44347
37239
2287
50820
34572
43617
8849
76501
93268
28984
5109
11311
68918
68879
40491
61496
37943
51117
65031
22558
95432
1812
54474
61920
20510
4605
19500
41079
90264
33433
5109
91007
81103
88030
65172
99946
14475
68313
79278
46294
75096
48926
64294
10945
54104
18397
21394
33206
47044
28772
50843
32356
67134
60986
61446
2917
17949
48909
99319
5889
6488
20654
21518
20483
67521
9646
44086
91275
13195
59863
1168
4277
18041
99821
62143
52039
98871
88035
67063
2725
51486
39087
57217
70966
61652
23866
97257
99381
16559
179
8076
98775
4718
70617
55510
62333
7251
83437
68946
64521
51562
89179
96026
78970
19586
40844
34924
1231
77120
78660
24011
42129
18185
71852
10275
65305
98929
99255
62438
78618
69292
38250
42515
53181
97434
97188
410
36157
21906
70354
10151
43791
59595
16461
23511
69729
43647
61774
76990
20320
64932
7204
51539
93373
43009
75024
50891
49781
58148
65370
34002
88423
34642
5251
9858
23932
77469
63553
78781
84221
29290
74332
83369
90027
32849
57691
14343
52307
55037
52622
1816
24953
53168
79419
10890
80109
41502
30608
51971
31232
46574
48838
10852
15146
23613
87732
1339
58424
43113
67467
44087
95766
46616
30662
79317
78448
13766
76143
28209
9419
78945
98260
28030
68326
85068
87628
79413
44500
64604
55530
60743
78867
93410
28705
84192
26763
71693
23795
90739
92819
48204
51512
7351
56333
18732
19377
18553
992
98019
98885
36683
86315
85404
98050
90448
49864
18846
33481
89719
9040
39376
27523
66037
39210
68636
65438
32938
40937
35830
35220
57921
73234
77232
38346
88816
22071
71344
3628
31254
93752
65858
58285
31124
71339
98767
10474
76116
48922
15291
75711
93847
63365
34724
36000
90577
76040
26863
54930
44124
18086
16401
84596
37367
1932
45433
90960
94604
19059
89237
93061
62009
89428
38466
58511
55597
1500
32177
22760
85335
83469
50361
2881
52419
76076
52116
57937
8260
35332
76178
7501
58319
79451
4183
57450
91712
8512
23888
97931
18378
67621
19495
32201
99596
94757
59296
67038
64775
93038
47042
45516
17704
93785
52782
31145
48803
31550
41312
58750
86444
35200
71991
51906
40030
50161
52331
69375
10276
46107
89618
83678
68000
31642
99731
13825
31772
92961
427
31150
6854
96987
37506
32352
83154
51149
66647
26999
28272
91757
41081
18172
53231
80834
35884
64336
73119
27300
73348
98158
32607
12567
686
43713
17195
92884
11303
17344
25059
71189
93907
19447
31462
79747
39923
24515
37980
91533
39013
55035
62164
83081
44925
81139
89757
4448
99460
22423
81208
72972
61056
40913
97006
96656
96292
4895
82205
50304
57539
72184
29526
72953
88103
88344
22567
28645
67327
20515
45876
74290
32497
50694
37044
8131
91804
33659
47472
30218
73186
84244
73090
32371
37572
96203
14073
49240
21870
10687
23455
44369
66960
46159
8575
75576
29048
73579
56391
82504
68909
70756
63976
65849
62877
18022
68861
82561
81857
3699
90426
64221
40246
92324
13141
76842
25277
71177
65232
79483
79189
31406
72211
6373
21503
58857
93727
92628
66787
6716
84318
87211
14486
97160
53883
48404
61684
52422
42112
96882
17123
87060
62558
9380
75385
2640
16730
71951
43792
13692
26273
76033
1447
99480
82238
32751
9741
20012
64408
1370
86727
56649
40802
76280
3975
37801
17707
53605
63807
88410
73997
3287
67267
98257
79976
5405
88758
38628
70627
70554
31948
69445
15885
53216
53370
69699
6464
84401
5110
92888
52732
95195
65984
96103
76282
76419
1865
16534
59098
21254
20084
72366
3585
27455
60299
46396
48247
93733
94780
70182
78415
30855
94760
64104
69190
22228
56310
4474
98638
10995
69127
82656
73287
61070
54729
93143
15089
38101
96691
37620
69284
82988
34906
60290
5970
5380
98301
36057
4676
7471
5967
17661
30899
59482
75402
10432
36280
87327
38341
84083
39990
298
79617
49773
77920
81976
82540
27673
38355
91122
85505
5357
38106
70981
28808
40557
31433
45178
98145
93170
85598
86335
51791
80891
1520
79546
52174
40419
5751
67020
9362
41933
90891
52484
83932
48361
35523
64350
89744
32944
91927
25175
83351
68710
90050
51625
26071
81667
69603
13909
57219
15893
18660
16594
22523
93172
66757
23712
60478
62411
53240
40259
61186
24809
67516
79452
77176
89584
36819
90528
83769
62054
19275
95415
57734
90938
45284
84229
67319
5003
38613
49390
44150
50493
40105
96009
38084
279
51545
52264
39793
43238
14956
17633
92646
78128
43499
29141
5428
30033
24142
96184
20488
79456
19400
53020
88097
44223
5695
4706
47116
82581
99264
97014
14522
92225
37057
23778
41889
64467
99683
96169
5643
15343
86221
37553
59687
56196
76599
34852
93960
85096
46230
72772
10571
77458
29750
764
50290
29302
65922
34268
76564
59809
94186
71566
51603
11209
14811
15473
19697
93474
69242
25149
46573
8912
45000
87451
50466
57459
60355
89557
468
67344
38004
94969
50829
17731
34123
73581
26044
20091
49390
13113
70899
3236
11995
44035
32070
3310
89113
42984
43459
94528
52977
40740
46119
9000
438
49968
85449
84759
749
45220
93285
49907
25355
73114
80563
97807
95582
44130
37445
33318
69349
59121
62092
73308
76454
53438
16722
66018
3445
99461
40164
53345
23737
94367
29783
37664
66397
74144
42511
30584
17866
37112
54612
54854
54931
30651
62913
42591
14365
53363
6404
23151
14906
51542
36444
22122
60634
43632
66214
99325
71314
89252
85687
38140
4875
30401
37005
61088
59988
71611
7030
87329
72553
33128
8737
66570
48918
6571
91202
20857
10792
66092
39133
823
62060
39688
97185
16180
26074
25128
81773
31605
43535
42851
23639
28626
65656
54234
18135
21716
25109
37786
46986
82541
18082
8103
75255
70137
84830
82852
20289
86756
33179
51554
35614
79267
9739
76627
52071
84142
86941
61912
70920
70493
516
56830
9211
70018
41674
25341
56407
95375
80976
98060
13059
39182
76805
43129
47296
14712
291
36899
22911
46322
90745
88976
24074
42742
40836
77871
25982
89582
99190
83262
38199
78762
69544
58788
78025
52040
80251
75344
14908
73412
95665
78988
63729
60875
41818
49870
94746
1906
22822
18989
71034
48969
11524
98145
20456
41461
8241
5069
98518
28737
74724
20559
891
75205
67068
97292
39979
12927
10860
51086
8557
69815
84641
4487
15368
42162
3622
19879
92465
99162
24622
54712
42201
4001
25275
94973
12896
11221
45876
74700
66599
53269
20554
69106
29744
60511
65987
56812
98095
68428
40524
82689
1072
53347
34294
17018
17342
3760
1781
98916
73518
78138
2360
72408
50877
22116
71390
72062
71188
18032
4736
91759
32063
18010
2961
74949
14692
68148
87933
97670
92369
65812
74233
76626
26945
4672
50478
23787
52109
52808
1580
86263
7389
78078
81955
55614
4799
81904
31809
4272
81264
27746
13917
8455
14261
53723
36653
46684
55578
40236
20559
20978
68617
62870
60352
33787
38414
98486
32042
67928
60314
68128
95691
59039
3211
94198
48362
20500
86324
21358
88924
79287
4662
685
66654
7899
87657
64851
98930
92283
77878
28431
59820
58578
72322
31920
61029
92541
77437
10645
69367
24700
90887
10475
30829
21520
37983
91064
359
18318
58774
54373
8494
53180
63003
11271
31359
12796
44423
52274
68836
80905
73423
19801
77262
87985
67482
88811
47611
96807
72662
50295
67902
22676
76144
57793
59412
79450
9796
40967
30330
62833
97785
12251
47553
30983
47458
92654
87650
19135
82040
61063
91329
29711
66119
87706
12304
72331
80460
46926
21048
89120
61404
16997
96696
89937
31881
65465
16225
39366
16057
87306
29052
82775
47656
10209
87321
72250
53224
6342
87392
54883
15894
53229
66433
15687
2675
67678
89525
25300
68828
96187
57306
28695
36612
82862
61937
25258
82471
51572
20073
32904
56705
32964
15478
99273
2696
38875
91113
21622
38999
36827
40730
63675
16873
5484
63404
12453
68321
58296
60951
1077
15216
7059
77776
34494
18846
99674
5485
94305
10967
7145
450
66123
62441
53688
91525
28298
13570
80798
87250
64401
11448
11220
27122
13505
73966
31991
59886
52085
27533
47071
73335
9283
46162
59552
44688
53295
53249
31023
28407
50824
34194
31417
49192
93820
47947
36470
21856
8108
18647
51953
76970
7106
34683
43873
31377
30418
81860
32118
6074
11928
89755
61319
60447
54921
75956
97225
81514
52755
31519
9433
39514
82833
2849
92078
97142
18842
90110
42922
38668
51685
351
68237
67335
83049
64731
6012
4691
57201
53535
63192
13871
26414
122
44044
60357
3312
75490
6195
18385
39479
38879
18489
28892
83811
26599
10532
15806
16408
31243
97657
71476
24179
66505
36983
29146
82895
9007
20365
50679
37077
57870
38254
71052
23877
55180
54814
57720
70043
66104
19134
62498
2084
26055
99967
66443
48894
24178
72145
44016
83424
7309
1670
1896
45347
56679
73455
79849
10230
10789
80789
36409
22390
82229
48812
80423
88371
43615
95642
51061
35906
38436
44276
93527
79268
6246
85966
25415
96062
98485
61505
39590
12798
1144
70711
43434
16997
73539
42358
91446
62129
58690
96903
28445
8305
20069
12594
23977
46487
11969
61863
45063
86835
96268
19423
84031
52874
77093
56032
30942
12333
36681
22671
55991
92754
20677
98671
46269
75430
39195
24339
23408
34721
21126
63714
53873
91491
83531
46305
52062
79167
55366
18017
67848
78853
25374
90943
44866
65960
67661
19288
33573
24954
35287
44430
43987
31156
2158
45956
27039
68877
76547
7494
80580
53757
5797
56246
86342
53820
41040
63377
97533
58521
33233
98721
13264
28013
87366
17781
95598
65859
10400
21566
7814
97591
50282
70548
78313
4817
38373
52867
23625
59943
15633
3865
96098
30173
44153
49169
57095
71051
79904
96727
14919
9645
10025
34555
8172
25335
38546
458
59907
72252
38128
77532
75658
51523
72202
35030
9329
33819
31875
77980
74936
53052
24978
90952
39291
40659
869
61429
91009
46529
93909
46505
44576
97436
20946
2936
4727
76753
73750
35077
86002
70232
5996
27820
55121
11831
26233
22364
39682
80828
73201
61524
25697
46882
67940
78212
48599
33227
8318
25876
67625
69869
95918
52856
1857
38410
62671
4000
97669
68051
95194
92326
92028
28368
38467
21153
33779
78589
97314
52786
25965
75412
44095
13760
56231
11810
84059
98566
89477
57773
26043
83893
7189
654
55470
93667
91260
37514
9071
61477
66601
54809
6328
21483
36481
41777
1282
21480
67305
23058
80232
92524
5378
63356
45734
28361
37245
92353
95404
24899
37309
21646
25230
5026
81680
77121
61373
7324
45600
49950
51934
48576
43279
77342
30678
79417
13610
183
98440
40101
2996
8878
54720
89059
47386
80979
51947
20788
9616
34609
37921
11568
85318
70216
98180
31609
50852
49857
9310
40465
90161
67984
66687
38858
3897
641
55696
84597
73835
80990
94163
92795
28319
38254
85555
31376
30382
54448
87441
91673
89176
38698
17779
60901
77472
92437
92782
48400
23264
40487
14426
20734
31858
32766
3119
82118
86372
79317
1606
96091
69155
67346
59875
81951
44436
23152
47653
35218
43346
24101
31019
15193
96495
36207
92721
14708
66401
51416
71988
77202
42319
25365
48935
54536
73401
71146
1107
5263
32625
47539
15255
17572
23555
91207
46171
3697
64748
81491
76173
53339
12504
93756
43809
52455
11669
92624
78408
70777
96300
39976
98279
96497
97296
44270
4713
49789
52449
57490
31332
38192
55873
33979
88956
26323
28420
1407
79792
80027
38423
58331
41608
10761
52992
5031
22482
89870
54106
34787
79769
24386
10844
61229
43147
86075
59388
34093
80895
63682
5775
498
61010
64673
32908
1749
4342
27238
62942
56724
85595
15930
98935
72066
49886
65023
45509
36659
77473
2532
87305
3321
47348
34798
86097
34134
21560
96659
42735
87530
96476
75421
58425
55018
44606
98222
21387
13347
1205
31829
39534
43944
33528
81522
37599
85616
67467
91442
37986
28808
36211
42600
48650
30081
58653
16772
88422
24070
51438
44537
90459
36773
27906
83991
37876
58863
39564
82985
2113
20596
71353
62227
74236
20928
10601
19173
2106
2620
71440
93359
72239
32391
71335
52676
4187
40592
24499
57065
57389
98399
38125
31193
85702
62201
71688
30907
13198
94629
47025
19614
46323
79585
77449
80190
82128
84682
17861
75634
20056
88621
24623
37398
35632
83390
53918
4181
28415
81494
20363
55935
13690
7035
83862
87929
87659
26074
31978
47965
59217
76508
77550
16146
7973
90612
96866
41102
97738
64417
92361
59167
47495
17266
75658
13719
37738
2165
31692
60739
9066
72978
42724
93643
92045
88007
22259
45500
92611
31221
33179
30001
45667
62111
41847
63882
41022
63124
90530
72979
20456
39623
54136
21678
42452
41489
84109
21271
11998
17776
32268
66549
76897
86231
90416
21962
99113
98029
77769
28741
19965
4733
57540
32641
51359
89275
66487
38269
41716
5659
96770
80475
84940
83129
78174
65839
63470
89712
70561
78045
42381
17297
91361
59772
60469
45878
70976
80677
96402
68062
50159
76197
23287
6654
7757
95056
3337
37889
34633
24774
15878
40786
50164
73883
56526
29172
91390
77221
93144
87025
91717
56333
15045
20132
6011
10903
65933
57420
31985
39090
8182
83885
23982
84748
26335
63674
94564
87719
41037
16702
51758
69766
71186
45052
25387
23140
51642
66464
94596
81424
86655
1387
40495
42974
94996
77332
12805
86154
81818
59681
17423
62524
54392
91660
3054
79243
84096
27817
49338
85153
5450
75147
36370
56393
34465
13914
6060
36830
83217
56256
9476
26203
45308
14814
71127
24615
27748
95912
91102
35831
8816
2241
49015
3827
8550
28496
69922
7125
68824
60137
61690
63688
53281
40151
35734
5465
93969
51689
78597
66191
31088
75409
50558
88597
15060
19567
49255
97960
65986
88168
91255
7715
14562
47885
32575
19874
80666
78020
70337
58064
81069
39404
42068
24217
96108
77955
66595
1328
66664
86491
51052
34114
37412
84455
22188
7060
10065
39351
27030
5026
21224
45991
87831
85436
13428
43
89359
13076
25149
50937
22731
8581
85717
95801
9351
39948
64543
80930
80901
42744
90518
10173
96966
89151
27078
20667
40500
38590
61200
75499
43211
93399
40463
40184
57838
51860
71298
55228
12406
97877
73719
90603
52685
91679
73023
69610
3448
