35033
90237
76631
73881
72987
35481
30170
65650
63260
79114
60363
95320
34683
71195
83217
72834
94548
73418
53776
14027
11372
3669
22413
45311
32835
702
26061
81926
34119
29703
26444
94301
82631
25365
24697
42012
73906
48113
27161
72924
40487
11253
10654
56239
60652
22061
37221
42541
97115
68206
98102
21349
77126
72416
24612
77235
84923
32929
89629
29299
75040
64993
37570
75576
30728
59599
22993
53898
85582
79607
8413
73810
98427
20569
70411
70324
21656
73794
89803
79607
31369
42591
56420
39147
94087
79121
1946
70512
29214
28925
85305
11493
89071
92947
94258
26247
19032
42738
94124
37009
79117
53554
50002
88986
5416
52173
72339
81250
64766
11509
87419
70767
9367
62493
14071
84135
69339
35179
35856
52162
30722
85677
93990
16125
33986
13259
90432
41355
93887
22862
82871
13737
85295
42228
73722
87773
61647
60031
43804
1068
72738
11612
58011
69394
26808
2320
75101
28935
98211
24941
26603
97893
16449
97356
90904
88303
84929
19303
77728
10752
68536
22996
55504
79614
57959
71376
99533
44482
65680
39872
12396
44687
33638
2830
69703
8093
35789
34125
74085
92798
40153
22993
58205
955
54388
727
63652
77602
16543
71668
36680
44196
8369
42764
24100
6538
62390
49996
22997
19762
5944
87099
36499
89342
35470
52248
14490
36300
42559
41772
12933
57322
19623
36445
88380
65985
57528
45558
55287
10034
10101
96696
72914
21451
41178
85056
95862
70992
88686
25131
17724
66948
77239
79699
60856
59064
85808
76345
16928
82879
30267
60089
22717
7182
51955
72217
63489
27850
12858
90033
32383
85021
85635
10010
38342
67380
92415
7682
47430
7271
90144
61646
62811
63405
22242
86153
97135
34158
56421
77028
67829
43721
6727
39035
50478
95848
94248
29318
58475
95503
35369
21159
78096
97369
59060
65059
77347
52051
45438
38
24204
85701
46631
47020
95283
66883
98011
98348
29497
85675
52906
2666
82948
94340
77160
32855
71049
36310
21239
16139
41806
20825
47060
176
10231
84238
24310
26645
97981
15825
26773
84760
64654
15864
52973
21126
87536
96856
67486
89481
45159
34880
9313
34129
86680
27472
41956
14244
23868
16796
26183
92734
65417
92473
80940
32971
24310
97120
60462
69460
68152
19460
16362
44389
49640
74821
32325
31019
49778
40878
15997
96979
89965
37729
7779
95819
20746
15673
19426
13504
74798
41503
46733
38105
79649
54731
10036
65485
61640
98803
63866
1625
36818
19209
82822
73030
76728
60330
74556
10719
57469
85922
92766
30401
48949
94341
23151
91706
77887
98913
93553
82707
2937
96310
15818
42487
73191
51353
1390
4123
2373
85353
5274
13222
80178
66913
43692
53011
59507
69075
99627
85999
3766
74737
77410
4350
51903
83469
92618
66367
60556
97179
86750
84853
12441
39509
37522
24637
38025
94416
95070
61166
83582
33080
11971
49829
72860
35101
50696
56544
51903
99885
45964
4169
76957
87189
71446
96387
3941
21975
10341
91016
64608
48070
57611
8030
69338
17523
87963
74113
59363
58161
8169
25179
42317
70513
74900
11054
84117
67089
99988
72384
97497
81958
83847
88859
62913
46608
14795
29936
41069
49298
47079
74541
87991
69392
23666
4576
63342
5629
41173
18564
30589
97848
63811
56424
83680
75375
80794
74075
99017
52078
67411
57492
3843
28081
53779
19807
72519
51142
27285
82196
10750
36935
94820
99541
64440
46762
9135
55238
94672
73682
19975
16014
93203
93598
45155
7266
73885
96550
69303
42170
64634
25247
68752
13692
41781
12856
29873
37644
94124
30099
75157
17054
77469
22905
36410
83359
22164
46200
17682
58333
85871
76836
71862
72145
1759
19243
74397
67589
58331
1062
15125
18256
61238
92856
44990
89331
69756
75924
8223
73676
70975
25298
62565
42990
53301
71226
40181
64117
67544
51728
30168
43906
18615
71271
69879
82586
13811
36174
16779
35200
4661
46042
35134
3420
98488
82341
72556
5944
83133
50180
20291
4673
3663
97413
48085
95993
53477
56388
79579
11753
93817
27971
27406
12893
95536
54909
38497
195
4849
12187
9585
11244
70834
75705
20506
20459
36626
17412
98584
9909
88514
15004
71281
32653
77566
57323
86214
47465
76950
72824
77795
64055
14772
7750
37915
1280
27036
33140
4496
27343
8244
65333
16152
20609
98189
43321
93853
62411
32662
18152
1166
49108
3055
74480
3518
89665
15283
22463
93878
37135
11961
69383
77392
87696
23442
4681
10673
69261
43104
9548
72843
33205
80188
32763
4869
57343
29513
58187
91348
66092
11571
26112
74605
74589
78782
60619
84828
67578
54085
98164
41932
30970
66609
8802
34937
64269
75792
50776
12870
15402
30132
1626
27568
96039
89638
64577
53185
55058
52104
57600
69856
10631
62482
54411
39667
67225
51906
61581
21918
72861
48348
84007
71668
4082
24410
52183
40625
1323
99411
59035
52665
15800
92728
81507
57649
70475
33251
42674
76609
82344
65843
3831
39062
41007
59870
62832
78840
89375
17141
74898
98752
6376
96999
5167
36316
48639
24872
68458
62912
68399
27208
11049
26937
88240
40542
41680
7882
79798
75334
24594
82719
63176
76253
6094
18601
16579
9747
57921
96585
61542
27020
85699
39934
68153
95957
68764
67548
6777
69055
68870
18144
58061
56096
69595
94041
81359
70
85716
54770
33233
12779
12372
50158
22328
12574
67526
20184
84628
20853
18084
4588
64037
16211
69928
99082
87183
15572
45208
66984
28509
50141
66437
65181
71937
30692
16231
71559
88804
51481
43991
7394
68234
65006
46379
32647
55779
70822
57149
54731
78887
849
43686
32017
63635
50836
22571
72210
76203
3071
74547
22694
54635
8999
60433
25033
31750
51998
13901
59058
88395
90427
14406
33296
17763
88905
24177
87982
26127
81858
6853
64496
43076
77509
32145
60775
65237
2782
10878
36108
11474
9995
97815
50702
24652
14750
45855
25483
15353
11104
94526
85841
6280
14862
28111
9356
2580
18779
44361
32041
82996
4457
33363
80199
79442
44905
78034
85753
88532
49023
52581
11716
37575
44640
13380
61490
9663
70337
47899
70719
17768
47869
71603
83700
6100
36857
40231
97673
48527
31282
75409
17788
8449
43371
85213
3154
22289
34609
98176
84
69652
95932
19123
52510
97181
49504
58292
51505
70293
43088
81430
35962
37217
34619
77805
84674
3149
19418
45583
46440
28812
35363
49528
39275
87394
92396
14716
12396
36517
11875
81744
5401
87839
28602
63878
57874
85855
3723
14630
